3500,2363500
3501,2363501
3502,2363502
3503,2363503
3504,2363504
3505,2363505
3506,2363506
3507,2363507
3508,2363508
3509,2363509
3510,2363510
3511,2363511
3512,2363512
3513,2363513
3514,2363514
3515,2363515
3516,2363516
3517,2363517
3518,2363518
3519,2363519
3520,2363520
3521,2363521
3522,2363522
3523,2363523
3524,2363524
3525,2363525
3526,2363526
3527,2363527
3528,2363528
3529,2363529
3530,2363530
3531,2363531
3532,2363532
3533,2363533
3534,2363534
3535,2363535
3536,2363536
3537,2363537
3538,2363538
3539,2363539
3540,2363540
3541,2363541
3542,2363542
3543,2363543
3544,2363544
3545,2363545
3546,2363546
3547,2363547
3548,2363548
3549,2363549
3550,2363550
3551,2363551
3552,2363552
3553,2363553
3554,2363554
3555,2363555
3556,2363556
3557,2363557
3558,2363558
3559,2363559
3560,2363560
3561,2363561
3562,2363562
3563,2363563
3564,2363564
3565,2363565
3566,2363566
3567,2363567
3568,2363568
3569,2363569
3570,2363570
3571,2363571
3572,2363572
3573,2363573
3574,2363574
3575,2363575
3576,2363576
3577,2363577
3578,2363578
3579,2363579
3580,2363580
3581,2363581
3582,2363582
3583,2363583
3584,2363584
3585,2363585
3586,2363586
3587,2363587
3588,2363588
3589,2363589
3590,2363590
3591,2363591
3592,2363592
3593,2363593
3594,2363594
3595,2363595
3596,2363596
3597,2363597
3598,2363598
3599,2363599
3600,2363600
3601,2363601
3602,2363602
3603,2363603
3604,2363604
3605,2363605
3606,2363606
3607,2363607
3608,2363608
3609,2363609
3610,2363610
3611,2363611
3612,2363612
3613,2363613
3614,2363614
3615,2363615
3616,2363616
3617,2363617
3618,2363618
3619,2363619
3620,2363620
3621,2363621
3622,2363622
3623,2363623
3624,2363624
3625,2363625
3626,2363626
3627,2363627
3628,2363628
3629,2363629
3630,2363630
3631,2363631
3632,2363632
3633,2363633
3634,2363634
3635,2363635
3636,2363636
3637,2363637
3638,2363638
3639,2363639
3640,2363640
3641,2363641
3642,2363642
3643,2363643
3644,2363644
3645,2363645
3646,2363646
3647,2363647
3648,2363648
3649,2363649
3650,2363650
3651,2363651
3652,2363652
3653,2363653
3654,2363654
3655,2363655
3656,2363656
3657,2363657
3658,2363658
3659,2363659
3660,2363660
3661,2363661
3662,2363662
3663,2363663
3664,2363664
3665,2363665
3666,
3667,
3668,
3669,
3670,
3671,
3672,
3673,
3674,
3675,
3676,
3677,
3678,
3679,
3680,
3681,
3682,
3683,
3684,
3685,
3686,
3687,
3688,
3689,
3690,
3691,
3692,
3693,
3694,
3695,
3696,
3697,
3698,
3699,
3700,
3701,
3702,
3703,
3704,
3705,
3706,
3707,
3708,
3709,
3710,
3711,
3712,
3713,
3714,
3715,
3716,
3717,
3718,
3719,
3720,
3721,
3722,
3723,
3724,
3725,
3726,
3727,
3728,
3729,
3730,
3731,
3732,
3733,
3734,
3735,
3736,
3737,
3738,
3739,
3740,
3741,
3742,
3743,
3744,
3745,
3746,
3747,
3748,
3749,
3750,
3751,
3752,
3753,
3754,
3755,
3756,
3757,
3758,
3759,
3760,
3761,
3762,
3763,
3764,
3765,
3766,
3767,
3768,
3769,
3770,
3771,
3772,
3773,
3774,
3775,
3776,
3777,
3778,
3779,
3780,
3781,
3782,
3783,
3784,
3785,
3786,
3787,
3788,
3789,
3790,
3791,
3792,
3793,
3794,
3795,
3796,
3797,
3798,
3799,
3800,
3801,
3802,
3803,
3804,
3805,
3806,
3807,
3808,
3809,
3810,
3811,
3812,
3813,
3814,
3815,
3816,
3817,
3818,
3819,
3820,
3821,
3822,
3823,
3824,
3825,
3826,
3827,
3828,
3829,
3830,
3831,
3832,
3833,
3834,
3835,
3836,
3837,
3838,
3839,
3840,
3841,
3842,
3843,
3844,
3845,
3846,
3847,
3848,
3849,
3850,
3851,
3852,
3853,
3854,
3855,
3856,
3857,
3858,
3859,
3860,
3861,
3862,
3863,
3864,
3865,
3866,
3867,
3868,
3869,
3870,
3871,
3872,
3873,
3874,
3875,
3876,
3877,
3878,
3879,
3880,
3881,
3882,
3883,
3884,
3885,
3886,
3887,
3888,
3889,
3890,
3891,
3892,
3893,
3894,
3895,
3896,
3897,
3898,
3899,
3900,
3901,
3902,
3903,
3904,
3905,
3906,
3907,
3908,
3909,
3910,
3911,
3912,
3913,
3914,
3915,
3916,
3917,
3918,
3919,
3920,
3921,
3922,
3923,
3924,
3925,
3926,
3927,
3928,
3929,
3930,
3931,
3932,
3933,
3934,
3935,
3936,
3937,
3938,
3939,
3940,
3941,
3942,
3943,
3944,
3945,
3946,
3947,
3948,
3949,
3950,
3951,
3952,
3953,
3954,
3955,
3956,
3957,
3958,
3959,
3960,
3961,
3962,
3963,
3964,
3965,
3966,
3967,
3968,
3969,
3970,
3971,
3972,
3973,
3974,
3975,
3976,
3977,
3978,
3979,
3980,
3981,
3982,
3983,
3984,
3985,
3986,
3987,
3988,
3989,
3990,
3991,
3992,
3993,
3994,
3995,
3996,
3997,
3998,
3999,
4000,
4001,
4002,
4003,
4004,
4005,
4006,
4007,
4008,
4009,
4010,
4011,
4012,
4013,
4014,
4015,
4016,
4017,
4018,
4019,
4020,
4021,
4022,
4023,
4024,
4025,
4026,
4027,
4028,
4029,
4030,
4031,
4032,
4033,
4034,
4035,
4036,
4037,
4038,
4039,
4040,
4041,
4042,
4043,
4044,
4045,
4046,
4047,
4048,
4049,
4050,
4051,
4052,
4053,
4054,
4055,
4056,
4057,
4058,
4059,
4060,
4061,
4062,
4063,
4064,
4065,
4066,
4067,
4068,
4069,
4070,
4071,
4072,
4073,
4074,
4075,
4076,
4077,
4078,
4079,
4080,
4081,
4082,
4083,
4084,
4085,
4086,
4087,
4088,
4089,
4090,
4091,
4092,
4093,
4094,
4095,
4096,
4097,
4098,
4099,
4100,
4101,
4102,
4103,
4104,
4105,
4106,
4107,
4108,
4109,
4110,
4111,
4112,
4113,
4114,
4115,
4116,
4117,
4118,
4119,
4120,
4121,
4122,
4123,
4124,
4125,
4126,
4127,
4128,
4129,
4130,
4131,
4132,
4133,
4134,
4135,
4136,
4137,
4138,
4139,
4140,
4141,
4142,
4143,
4144,
4145,
4146,
4147,
4148,
4149,
4150,
4151,
4152,
4153,
4154,
4155,
4156,
4157,
4158,
4159,
4160,
4161,
4162,
4163,
4164,
4165,
4166,
4167,
4168,
4169,
4170,
4171,
4172,
4173,
4174,
4175,
4176,
4177,
4178,
4179,
4180,
4181,
4182,
4183,
4184,
4185,
4186,
4187,
4188,
4189,
4190,
4191,
4192,
4193,
4194,
4195,
4196,
4197,
4198,
4199,
4200,
4201,
4202,
4203,
4204,
4205,
4206,
4207,
4208,
4209,
4210,
4211,
4212,
4213,
4214,
4215,
4216,
4217,
4218,
4219,
4220,
4221,
4222,
4223,
4224,
4225,
4226,
4227,
4228,
4229,
4230,
4231,
4232,
4233,
4234,
4235,
4236,
4237,
4238,
4239,
4240,
4241,
4242,
4243,
4244,
4245,
4246,
4247,
4248,
4249,
4250,
4251,
4252,
4253,
4254,
4255,
4256,
4257,
4258,
4259,
4260,
4261,
4262,
4263,
4264,
4265,
4266,
4267,
4268,
4269,
4270,
4271,
4272,
4273,
4274,
4275,
4276,
4277,
4278,
4279,
4280,
4281,
4282,
4283,
4284,
4285,
4286,
4287,
4288,
4289,
4290,
4291,
4292,
4293,
4294,
4295,
4296,
4297,
4298,
4299,
4300,
4301,
4302,
4303,
4304,
4305,
4306,
4307,
4308,
4309,
4310,
4311,
4312,
4313,
4314,
4315,
4316,
4317,
4318,
4319,
4320,
4321,
4322,
4323,
4324,
4325,
4326,
4327,
4328,
4329,
4330,
4331,
4332,
4333,
4334,
4335,
4336,
4337,
4338,
4339,
4340,
4341,
4342,
4343,
4344,
4345,
4346,
4347,
4348,
4349,
4350,
4351,
4352,
4353,
4354,
4355,
4356,
4357,
4358,
4359,
4360,
4361,
4362,
4363,
4364,
4365,
4366,
4367,
4368,
4369,
4370,
4371,
4372,
4373,
4374,
4375,
4376,
4377,
4378,
4379,
4380,
4381,
4382,
4383,
4384,
4385,
4386,
4387,
4388,
4389,
4390,
4391,
4392,
4393,
4394,
4395,
4396,
4397,
4398,
4399,
4400,
4401,
4402,
4403,
4404,
4405,
4406,
4407,
4408,
4409,
4410,
4411,
4412,
4413,
4414,
4415,
4416,
4417,
4418,
4419,
4420,
4421,
4422,
4423,
4424,
4425,
4426,
4427,
4428,
4429,
4430,
4431,
4432,
4433,
4434,
4435,
4436,
4437,
4438,
4439,
4440,
4441,
4442,
4443,
4444,
4445,
4446,
4447,
4448,
4449,
4450,
